0000000000000000000000    ///Escalon
0000010100000000000000
0000101000000000000000
0000111100000000000000
0001010000000000000000
0001100100000000000000
0001111000000000000000
0010001100000000000000
0010100000000000000000
0010110100000000000000
0011001000000000000000
0011011100000000000000
0011110000000000000000
0100000100000000000000
0100011000000000000000
0100101100000000000000
0101000000000000000000
0101010100000000000000
0101101000000000000000
0101111100000000000000
0110010000000000000000
0110100100000000000000
0110111000000000000000
0111001100000000000000
0111100000000000000000
0111110100000000000000
1000001000000000000000
1000011100000000000000
1000110000000000000000
1001000100000000000000
1001011000000000000000
1001101100000000000000
1010000000000000000000
1010010100000000000000
1010101000000000000000
1010111100000000000000
1011010000000000000000
1011100100000000000000
1011111000000000000000
1100001100000000000000
1100100000000000000000
1100110100000000000000
1101001000000000000000
1101011100000000000000
1101110000000000000000
1110000100000000000000
1110011000000000000000
1110101100000000000000
1111000000000000000000
1111010100000000000000
1111101000000000000000
1111111100000000000000
0000010000000000000000
0000100100000000000000
0000111000000000000000
0001001100000000000000
0001100000000000000000
0001110100000000000000
0010001000000000000000
0010011100000000000000
0010110000000000000000
0011000100000000000000
0011011000000000000000
0011101100000000000000
0100000000000000000000
0100010100000000000000
0100101000000000000000
0100111100000000000000
0101010000000000000000
0101100100000000000000
0101111000000000000000
0110001100000000000000
0110100000000000000000
0110110100000000000000
0111001000000000000000
0111011100000000000000
0111110000000000000000
1000000100000000000000
1000011000000000000000
1000101100000000000000
1001000000000000000000
1001010100000000000000
1001101000000000000000
1001111100000000000000
1010010000000000000000
1010100100000000000000
1010111000000000000000
1011001100000000000000
1011100000000000000000
1011110100000000000000
1100001000000000000000
1100011100000000000000
1100110000000000000000
1101000100000000000000
1101011000000000000000
1101101100000000000000
1110000000000000000000
1110010100000000000000
1110101000000000000000
1110111100000000000000
